[[-5.15000153e+00 -6.20000076e+00  1.00204980e+00  7.74395964e-11
  -1.65637074e-10  2.61799550e+00]
 [ 2.72499943e+00 -2.62746937e-07  1.00204980e+00  7.19939275e-10
   9.51887902e-10 -6.98131919e-01]
 [ 7.42500019e+00  4.72499943e+00  1.00204980e+00 -1.20863564e-09
   1.59285729e-09 -2.19689253e-10]
 [-1.02500236e+00 -1.50000072e+00  1.00204980e+00  5.95255734e-10
  -8.81065887e-10  3.89464933e-10]
 [-6.70000172e+00  6.40000153e+00  1.00204980e+00 -4.02774747e-09
  -4.97467756e-09 -1.31661071e-11]]

